Fold 1: Train set size: 1863, Test set size: 230
Accuracy:  0.08260869565217391
confusion matrix:  [[ 0 19  0  0  0  0  0  0  0  0  0  0]
 [ 0 19  0  0  0  0  0  0  0  0  0  0]
 [ 0 19  0  0  0  0  0  0  0  0  0  0]
 [ 0 20  0  0  0  0  0  0  0  0  0  0]
 [ 0 19  0  0  0  0  0  0  0  0  0  0]
 [ 0 19  0  0  0  0  0  0  0  0  0  0]
 [ 0 19  0  0  0  0  0  0  0  0  0  0]
 [ 0 19  0  0  0  0  0  0  0  0  0  0]
 [ 0 19  0  0  0  0  0  0  0  0  0  0]
 [ 0 19  0  0  0  0  0  0  0  0  0  0]
 [ 0 20  0  0  0  0  0  0  0  0  0  0]
 [ 0 19  0  0  0  0  0  0  0  0  0  0]]
Fold 2: Train set size: 1863, Test set size: 230
Accuracy:  0.08260869565217391
confusion matrix:  [[ 0  0  0 20  0  0  0  0  0  0  0  0]
 [ 0  0  0 20  0  0  0  0  0  0  0  0]
 [ 0  0  0 20  0  0  0  0  0  0  0  0]
 [ 0  0  0 19  0  0  0  0  0  0  0  0]
 [ 0  0  0 19  0  0  0  0  0  0  0  0]
 [ 0  0  0 19  0  0  0  0  0  0  0  0]
 [ 0  0  0 19  0  0  0  0  0  0  0  0]
 [ 0  0  0 20  0  0  0  0  0  0  0  0]
 [ 0  0  0 16  0  0  0  0  0  0  0  0]
 [ 0  0  0 20  0  0  0  0  0  0  0  0]
 [ 0  0  0 19  0  0  0  0  0  0  0  0]
 [ 0  0  0 19  0  0  0  0  0  0  0  0]]
Fold 3: Train set size: 1863, Test set size: 230
Accuracy:  0.06956521739130435
confusion matrix:  [[ 4  4  0  0  0  0  0  0  0  0 11  0]
 [ 8  3  0  0  0  0  0  0  0  0  9  0]
 [ 3  6  0  0  0  0  0  0  0  0 11  0]
 [ 8  2  0  1  0  0  0  0  0  0  9  0]
 [ 3  4  0  0  0  0  0  0  0  0 13  0]
 [ 1  3  0  0  0  0  0  0  0  0 15  0]
 [12  3  0  0  0  0  0  0  0  0  5  0]
 [ 2  0  0  0  0  0  0  0  0  0 17  0]
 [ 6  1  0  0  0  0  0  0  0  0 11  0]
 [ 3  3  0  0  0  0  0  0  0  0 13  0]
 [ 6  3  0  0  0  0  0  0  0  0  8  0]
 [ 5  2  0  0  0  0  0  0  0  0 12  0]]
Fold 4: Train set size: 1863, Test set size: 230
Accuracy:  0.08260869565217391
confusion matrix:  [[ 0 19  0  0  0  0  0  0  0  0  0  0]
 [ 0 19  0  0  0  0  0  0  0  0  0  0]
 [ 0 20  0  0  0  0  0  0  0  0  0  0]
 [ 0 19  0  0  0  0  0  0  0  0  0  0]
 [ 0 20  0  0  0  0  0  0  0  0  0  0]
 [ 0 20  0  0  0  0  0  0  0  0  0  0]
 [ 0 19  0  0  0  0  0  0  0  0  0  0]
 [ 0 18  0  0  0  0  0  0  0  0  0  0]
 [ 0 20  0  0  0  0  0  0  0  0  0  0]
 [ 0 18  0  0  0  0  0  0  0  0  0  0]
 [ 0 19  0  0  0  0  0  0  0  0  0  0]
 [ 0 19  0  0  0  0  0  0  0  0  0  0]]
Fold 5: Train set size: 1863, Test set size: 230
Accuracy:  0.08695652173913043
confusion matrix:  [[ 0 21  0  0  0  0  0  0  0  0  0  0]
 [ 0 20  0  0  0  0  0  0  0  0  0  0]
 [ 0 20  0  0  0  0  0  0  0  0  0  0]
 [ 0 20  0  0  0  0  0  0  0  0  0  0]
 [ 0 20  0  0  0  0  0  0  0  0  0  0]
 [ 0 20  0  0  0  0  0  0  0  0  0  0]
 [ 0 18  0  0  0  0  0  0  0  0  0  0]
 [ 0 21  0  0  0  0  0  0  0  0  0  0]
 [ 0 15  0  0  0  0  0  0  0  0  0  0]
 [ 0 18  0  0  0  0  0  0  0  0  0  0]
 [ 0 20  0  0  0  0  0  0  0  0  0  0]
 [ 0 17  0  0  0  0  0  0  0  0  0  0]]
Fold 6: Train set size: 1863, Test set size: 230
Accuracy:  0.08695652173913043
confusion matrix:  [[ 0 20  0  0  0  0  0  0  0  0  0  0]
 [ 0 20  0  0  0  0  0  0  0  0  0  0]
 [ 0 20  0  0  0  0  0  0  0  0  0  0]
 [ 0 21  0  0  0  0  0  0  0  0  0  0]
 [ 0 19  0  0  0  0  0  0  0  0  0  0]
 [ 0 18  0  0  0  0  0  0  0  0  0  0]
 [ 0 19  0  0  0  0  0  0  0  0  0  0]
 [ 0 19  0  0  0  0  0  0  0  0  0  0]
 [ 0 16  0  0  0  0  0  0  0  0  0  0]
 [ 0 19  0  0  0  0  0  0  0  0  0  0]
 [ 0 20  0  0  0  0  0  0  0  0  0  0]
 [ 0 19  0  0  0  0  0  0  0  0  0  0]]
Fold 7: Train set size: 1863, Test set size: 230
Accuracy:  0.08260869565217391
confusion matrix:  [[ 0  0  0 20  0  0  0  0  0  0  0  0]
 [ 0  0  0 20  0  0  0  0  0  0  0  0]
 [ 0  0  0 20  0  0  0  0  0  0  0  0]
 [ 0  0  0 19  0  0  0  0  0  0  0  0]
 [ 0  0  0 17  0  0  0  0  0  0  0  0]
 [ 0  0  0 20  0  0  0  0  0  0  0  0]
 [ 0  0  0 19  0  0  0  0  0  0  0  0]
 [ 0  0  0 20  0  0  0  0  0  0  0  0]
 [ 0  0  0 18  0  0  0  0  0  0  0  0]
 [ 0  0  0 20  0  0  0  0  0  0  0  0]
 [ 0  0  0 20  0  0  0  0  0  0  0  0]
 [ 0  0  0 17  0  0  0  0  0  0  0  0]]
Fold 8: Train set size: 1863, Test set size: 230
Accuracy:  0.08260869565217391
confusion matrix:  [[ 0 19  0  0  0  0  0  0  0  0  0  0]
 [ 0 19  0  0  0  0  0  0  0  0  0  0]
 [ 0 20  0  0  0  0  0  0  0  0  0  0]
 [ 0 19  0  0  0  0  0  0  0  0  0  0]
 [ 0 20  0  0  0  0  0  0  0  0  0  0]
 [ 0 19  0  0  0  0  0  0  0  0  0  0]
 [ 0 19  0  0  0  0  0  0  0  0  0  0]
 [ 0 19  0  0  0  0  0  0  0  0  0  0]
 [ 0 19  0  0  0  0  0  0  0  0  0  0]
 [ 0 19  0  0  0  0  0  0  0  0  0  0]
 [ 0 19  0  0  0  0  0  0  0  0  0  0]
 [ 0 19  0  0  0  0  0  0  0  0  0  0]]
Fold 9: Train set size: 1863, Test set size: 230
Accuracy:  0.08695652173913043
confusion matrix:  [[ 0 20  0  0  0  0  0  0  0  0  0  0]
 [ 0 20  0  0  0  0  0  0  0  0  0  0]
 [ 0 20  0  0  0  0  0  0  0  0  0  0]
 [ 0 20  0  0  0  0  0  0  0  0  0  0]
 [ 0 20  0  0  0  0  0  0  0  0  0  0]
 [ 0 21  0  0  0  0  0  0  0  0  0  0]
 [ 0 17  0  0  0  0  0  0  0  0  0  0]
 [ 0 18  0  0  0  0  0  0  0  0  0  0]
 [ 0 18  0  0  0  0  0  0  0  0  0  0]
 [ 0 17  0  0  0  0  0  0  0  0  0  0]
 [ 0 20  0  0  0  0  0  0  0  0  0  0]
 [ 0 19  0  0  0  0  0  0  0  0  0  0]]