Fold 1: Train set size: 480, Test set size: 60
Accuracy:  0.2
confusion matrix:  [[3 0 0 0 0 0 0 0 0 0 2 0]
 [2 1 0 0 0 0 0 1 1 0 0 0]
 [0 0 2 0 0 0 0 1 1 1 0 0]
 [1 0 0 0 1 1 0 1 1 0 0 0]
 [0 0 0 0 2 1 0 0 0 1 1 0]
 [2 1 0 0 0 0 0 0 1 1 0 0]
 [0 2 0 0 1 0 1 0 0 1 0 0]
 [3 0 0 0 0 0 0 0 2 0 0 0]
 [1 0 0 0 0 0 0 1 2 1 0 0]
 [1 0 0 0 1 0 0 0 2 1 0 0]
 [2 0 0 0 0 0 0 0 1 2 0 0]
 [0 1 1 0 2 0 0 0 1 0 0 0]]
Fold 2: Train set size: 480, Test set size: 60
Accuracy:  0.06666666666666667
confusion matrix:  [[2 0 1 0 1 0 0 1 0 0 0 0]
 [2 0 1 0 0 0 0 0 0 1 1 0]
 [0 2 0 0 1 0 0 0 1 1 0 0]
 [1 0 1 0 0 0 1 0 0 2 0 0]
 [0 0 1 0 0 0 0 0 0 1 3 0]
 [1 0 1 0 0 0 0 0 2 1 0 0]
 [1 1 1 0 0 0 0 0 0 1 1 0]
 [2 0 1 0 0 0 0 1 1 0 0 0]
 [0 1 1 0 2 0 0 0 0 0 1 0]
 [1 3 0 0 0 0 0 0 1 0 0 0]
 [0 1 1 0 2 0 0 0 0 0 1 0]
 [0 1 0 0 0 0 0 0 2 2 0 0]]
Fold 3: Train set size: 480, Test set size: 60
Accuracy:  0.11666666666666667
confusion matrix:  [[0 1 0 0 1 0 0 0 2 1 0 0]
 [1 2 0 0 0 0 1 0 0 1 0 0]
 [0 0 0 0 0 0 1 2 0 2 0 0]
 [1 1 1 0 0 0 0 1 0 1 0 0]
 [0 1 1 0 1 0 0 1 1 0 0 0]
 [1 1 0 0 1 1 0 1 0 0 0 0]
 [1 1 0 1 1 1 0 0 0 0 0 0]
 [0 0 0 0 1 2 0 1 1 0 0 0]
 [0 0 0 0 0 1 1 2 1 0 0 0]
 [0 0 0 0 0 2 0 1 1 1 0 0]
 [0 0 0 0 0 0 0 2 2 1 0 0]
 [0 0 2 1 1 0 0 0 1 0 0 0]]
Fold 4: Train set size: 480, Test set size: 60
Accuracy:  0.08333333333333333
confusion matrix:  [[0 2 1 0 0 0 0 0 0 0 2 0]
 [0 0 0 0 0 0 2 0 1 0 2 0]
 [1 0 1 0 0 0 0 0 2 0 1 0]
 [1 1 0 0 0 0 1 0 1 1 0 0]
 [0 1 0 0 0 2 1 0 0 1 0 0]
 [0 0 0 0 0 2 1 0 0 0 2 0]
 [0 0 0 0 0 1 0 0 3 0 1 0]
 [1 0 0 0 0 2 1 0 0 1 0 0]
 [0 0 1 0 0 1 0 0 1 2 0 0]
 [1 0 1 0 0 0 2 0 0 1 0 0]
 [0 0 3 0 1 1 0 0 0 0 0 0]
 [1 0 0 0 0 0 0 0 1 2 1 0]]
Fold 5: Train set size: 480, Test set size: 60
Accuracy:  0.08333333333333333
confusion matrix:  [[2 0 0 0 0 0 0 0 1 2 0 0]
 [1 3 1 0 0 0 0 0 0 0 0 0]
 [2 0 0 0 0 0 0 0 0 3 0 0]
 [0 1 0 0 0 0 1 0 1 1 1 0]
 [1 1 0 0 0 1 0 0 1 1 0 0]
 [0 0 0 0 0 0 0 0 5 0 0 0]
 [1 2 0 0 0 0 0 0 1 1 0 0]
 [0 1 0 0 2 0 1 0 0 1 0 0]
 [1 2 0 0 2 0 0 0 0 0 0 0]
 [0 0 1 0 1 0 0 0 1 0 1 1]
 [1 0 0 0 0 0 0 0 0 3 0 1]
 [2 1 2 0 0 0 0 0 0 0 0 0]]
Fold 6: Train set size: 480, Test set size: 60
Accuracy:  0.13333333333333333
confusion matrix:  [[0 1 0 0 0 2 0 1 1 0 0 0]
 [3 0 0 0 1 1 0 0 0 0 0 0]
 [2 0 1 0 1 0 0 0 0 0 1 0]
 [2 0 0 0 0 0 0 0 0 1 1 1]
 [0 0 1 0 1 0 0 1 1 1 0 0]
 [0 0 1 0 0 1 0 0 1 2 0 0]
 [0 3 0 0 0 0 1 0 0 0 1 0]
 [5 0 0 0 0 0 0 0 0 0 0 0]
 [1 0 0 0 1 0 0 0 1 2 0 0]
 [1 0 0 0 0 0 0 0 2 2 0 0]
 [2 0 0 0 0 0 0 1 1 0 1 0]
 [2 0 1 0 0 0 0 1 0 0 1 0]]
Fold 7: Train set size: 480, Test set size: 60
Accuracy:  0.11666666666666667