Fold 1: Train set size: 1383, Test set size: 170
Accuracy:  0.08235294117647059
confusion matrix:  [[ 0 14  0  0  0  0  0  0  0  0  0  0]
 [ 0 14  0  0  0  0  0  0  0  0  0  0]
 [ 0 14  0  0  0  0  0  0  0  0  0  0]
 [ 0 15  0  0  0  0  0  0  0  0  0  0]
 [ 0 14  0  0  0  0  0  0  0  0  0  0]
 [ 0 14  0  0  0  0  0  0  0  0  0  0]
 [ 0 14  0  0  0  0  0  0  0  0  0  0]
 [ 0 14  0  0  0  0  0  0  0  0  0  0]
 [ 0 14  0  0  0  0  0  0  0  0  0  0]
 [ 0 14  0  0  0  0  0  0  0  0  0  0]
 [ 0 15  0  0  0  0  0  0  0  0  0  0]
 [ 0 14  0  0  0  0  0  0  0  0  0  0]]
Fold 2: Train set size: 1383, Test set size: 170
Accuracy:  0.08235294117647059
confusion matrix:  [[ 0  0  0 15  0  0  0  0  0  0  0  0]
 [ 0  0  0 15  0  0  0  0  0  0  0  0]
 [ 0  0  0 15  0  0  0  0  0  0  0  0]
 [ 0  0  0 14  0  0  0  0  0  0  0  0]
 [ 0  0  0 14  0  0  0  0  0  0  0  0]
 [ 0  0  0 14  0  0  0  0  0  0  0  0]
 [ 0  0  0 14  0  0  0  0  0  0  0  0]
 [ 0  0  0 15  0  0  0  0  0  0  0  0]
 [ 0  0  0 11  0  0  0  0  0  0  0  0]
 [ 0  0  0 15  0  0  0  0  0  0  0  0]
 [ 0  0  0 14  0  0  0  0  0  0  0  0]
 [ 0  0  0 14  0  0  0  0  0  0  0  0]]
Fold 3: Train set size: 1383, Test set size: 170
Accuracy:  0.07058823529411765
confusion matrix:  [[ 1  5  0  0  0  0  0  0  0  0  8  0]
 [ 3  6  0  0  0  0  0  0  0  0  6  0]
 [ 1  7  0  0  0  0  0  0  0  0  7  0]
 [ 5  3  0  0  0  0  0  0  0  0  7  0]
 [ 2  7  0  0  0  0  0  0  0  0  6  0]
 [ 0  8  0  0  0  0  0  0  0  0  6  0]
 [ 4  8  0  0  0  0  0  0  0  0  3  0]
 [ 2  2  0  0  0  0  0  0  0  0 10  0]
 [ 5  3  0  0  0  0  0  0  0  0  5  0]
 [ 1  6  0  0  0  0  0  0  0  0  7  0]
 [ 2  5  0  0  0  0  0  0  0  0  5  0]
 [ 1  8  0  0  0  0  0  0  0  0  5  0]]
Fold 4: Train set size: 1383, Test set size: 170
Accuracy:  0.08235294117647059
confusion matrix:  [[ 0 14  0  0  0  0  0  0  0  0  0  0]
 [ 0 14  0  0  0  0  0  0  0  0  0  0]
 [ 0 15  0  0  0  0  0  0  0  0  0  0]
 [ 0 14  0  0  0  0  0  0  0  0  0  0]
 [ 0 15  0  0  0  0  0  0  0  0  0  0]
 [ 0 15  0  0  0  0  0  0  0  0  0  0]
 [ 0 14  0  0  0  0  0  0  0  0  0  0]
 [ 0 13  0  0  0  0  0  0  0  0  0  0]
 [ 0 15  0  0  0  0  0  0  0  0  0  0]
 [ 0 13  0  0  0  0  0  0  0  0  0  0]
 [ 0 14  0  0  0  0  0  0  0  0  0  0]
 [ 0 14  0  0  0  0  0  0  0  0  0  0]]
Fold 5: Train set size: 1383, Test set size: 170
Accuracy:  0.08823529411764706
confusion matrix:  [[ 0 16  0  0  0  0  0  0  0  0  0  0]
 [ 0 15  0  0  0  0  0  0  0  0  0  0]
 [ 0 15  0  0  0  0  0  0  0  0  0  0]
 [ 0 15  0  0  0  0  0  0  0  0  0  0]
 [ 0 15  0  0  0  0  0  0  0  0  0  0]
 [ 0 15  0  0  0  0  0  0  0  0  0  0]
 [ 0 13  0  0  0  0  0  0  0  0  0  0]
 [ 0 16  0  0  0  0  0  0  0  0  0  0]
 [ 0 10  0  0  0  0  0  0  0  0  0  0]
 [ 0 13  0  0  0  0  0  0  0  0  0  0]
 [ 0 15  0  0  0  0  0  0  0  0  0  0]
 [ 0 12  0  0  0  0  0  0  0  0  0  0]]
Fold 6: Train set size: 1383, Test set size: 170
Accuracy:  0.08823529411764706
confusion matrix:  [[ 0 15  0  0  0  0  0  0  0  0  0  0]
 [ 0 15  0  0  0  0  0  0  0  0  0  0]
 [ 0 15  0  0  0  0  0  0  0  0  0  0]
 [ 0 16  0  0  0  0  0  0  0  0  0  0]
 [ 0 14  0  0  0  0  0  0  0  0  0  0]
 [ 0 13  0  0  0  0  0  0  0  0  0  0]
 [ 0 14  0  0  0  0  0  0  0  0  0  0]
 [ 0 14  0  0  0  0  0  0  0  0  0  0]
 [ 0 11  0  0  0  0  0  0  0  0  0  0]
 [ 0 14  0  0  0  0  0  0  0  0  0  0]
 [ 0 15  0  0  0  0  0  0  0  0  0  0]
 [ 0 14  0  0  0  0  0  0  0  0  0  0]]
Fold 7: Train set size: 1383, Test set size: 170
Accuracy:  0.08235294117647059
confusion matrix:  [[ 0  0  0 15  0  0  0  0  0  0  0  0]
 [ 0  0  0 15  0  0  0  0  0  0  0  0]
 [ 0  0  0 15  0  0  0  0  0  0  0  0]
 [ 0  0  0 14  0  0  0  0  0  0  0  0]
 [ 0  0  0 12  0  0  0  0  0  0  0  0]
 [ 0  0  0 15  0  0  0  0  0  0  0  0]
 [ 0  0  0 14  0  0  0  0  0  0  0  0]
 [ 0  0  0 15  0  0  0  0  0  0  0  0]
 [ 0  0  0 13  0  0  0  0  0  0  0  0]
 [ 0  0  0 15  0  0  0  0  0  0  0  0]
 [ 0  0  0 15  0  0  0  0  0  0  0  0]
 [ 0  0  0 12  0  0  0  0  0  0  0  0]]
Fold 8: Train set size: 1383, Test set size: 170
Accuracy:  0.08235294117647059
confusion matrix:  [[ 0 14  0  0  0  0  0  0  0  0  0  0]
 [ 0 14  0  0  0  0  0  0  0  0  0  0]
 [ 0 15  0  0  0  0  0  0  0  0  0  0]
 [ 0 14  0  0  0  0  0  0  0  0  0  0]
 [ 0 15  0  0  0  0  0  0  0  0  0  0]
 [ 0 14  0  0  0  0  0  0  0  0  0  0]
 [ 0 14  0  0  0  0  0  0  0  0  0  0]
 [ 0 14  0  0  0  0  0  0  0  0  0  0]
 [ 0 14  0  0  0  0  0  0  0  0  0  0]
 [ 0 14  0  0  0  0  0  0  0  0  0  0]
 [ 0 14  0  0  0  0  0  0  0  0  0  0]
 [ 0 14  0  0  0  0  0  0  0  0  0  0]]
Fold 9: Train set size: 1383, Test set size: 170
Accuracy:  0.08823529411764706
confusion matrix:  [[ 0 15  0  0  0  0  0  0  0  0  0  0]
 [ 0 15  0  0  0  0  0  0  0  0  0  0]
 [ 0 15  0  0  0  0  0  0  0  0  0  0]
 [ 0 15  0  0  0  0  0  0  0  0  0  0]
 [ 0 15  0  0  0  0  0  0  0  0  0  0]
 [ 0 16  0  0  0  0  0  0  0  0  0  0]
 [ 0 12  0  0  0  0  0  0  0  0  0  0]
 [ 0 13  0  0  0  0  0  0  0  0  0  0]
 [ 0 13  0  0  0  0  0  0  0  0  0  0]
 [ 0 12  0  0  0  0  0  0  0  0  0  0]
 [ 0 15  0  0  0  0  0  0  0  0  0  0]
 [ 0 14  0  0  0  0  0  0  0  0  0  0]]