Fold 1: Train set size: 1863, Test set size: 230
Accuracy:  0.08260869565217391
confusion matrix:  [[ 0 19  0  0  0  0  0  0  0  0  0  0]
 [ 0 19  0  0  0  0  0  0  0  0  0  0]
 [ 0 19  0  0  0  0  0  0  0  0  0  0]
 [ 0 20  0  0  0  0  0  0  0  0  0  0]
 [ 0 19  0  0  0  0  0  0  0  0  0  0]
 [ 0 19  0  0  0  0  0  0  0  0  0  0]
 [ 0 19  0  0  0  0  0  0  0  0  0  0]
 [ 0 19  0  0  0  0  0  0  0  0  0  0]
 [ 0 19  0  0  0  0  0  0  0  0  0  0]
 [ 0 19  0  0  0  0  0  0  0  0  0  0]
 [ 0 20  0  0  0  0  0  0  0  0  0  0]
 [ 0 19  0  0  0  0  0  0  0  0  0  0]]
Fold 2: Train set size: 1863, Test set size: 230
Accuracy:  0.08260869565217391
confusion matrix:  [[ 0  0  0 20  0  0  0  0  0  0  0  0]
 [ 0  0  0 20  0  0  0  0  0  0  0  0]
 [ 0  0  0 20  0  0  0  0  0  0  0  0]
 [ 0  0  0 19  0  0  0  0  0  0  0  0]
 [ 0  0  0 19  0  0  0  0  0  0  0  0]
 [ 0  0  0 19  0  0  0  0  0  0  0  0]
 [ 0  0  0 19  0  0  0  0  0  0  0  0]
 [ 0  0  0 20  0  0  0  0  0  0  0  0]
 [ 0  0  0 16  0  0  0  0  0  0  0  0]
 [ 0  0  0 20  0  0  0  0  0  0  0  0]
 [ 0  0  0 19  0  0  0  0  0  0  0  0]
 [ 0  0  0 19  0  0  0  0  0  0  0  0]]
Fold 3: Train set size: 1863, Test set size: 230
Accuracy:  0.33043478260869563
confusion matrix:  [[19  0  0  0  0  0  0  0  0  0  0  0]
 [ 0 20  0  0  0  0  0  0  0  0  0  0]
 [ 0  0  0 20  0  0  0  0  0  0  0  0]
 [ 0  0  0 20  0  0  0  0  0  0  0  0]
 [20  0  0  0  0  0  0  0  0  0  0  0]
 [ 0  4  0  0  0  0  0  0  0  0 15  0]
 [ 0  0  0  0  0  0  0  0  0  0 20  0]
 [ 0  0  0  0  0  0  0  0  0  0 19  0]
 [ 0  2  0  0  0  0  0  0  0  0 16  0]
 [19  0  0  0  0  0  0  0  0  0  0  0]
 [ 0  0  0  0  0  0  0  0  0  0 17  0]
 [ 0  0  0  0  0  0  0  0  0  0 19  0]]
Fold 4: Train set size: 1863, Test set size: 230
Accuracy:  0.16521739130434782
confusion matrix:  [[ 0 19  0  0  0  0  0  0  0  0  0  0]
 [ 0 19  0  0  0  0  0  0  0  0  0  0]
 [ 0  0  0 20  0  0  0  0  0  0  0  0]
 [ 0  0  0 19  0  0  0  0  0  0  0  0]
 [ 0 20  0  0  0  0  0  0  0  0  0  0]
 [ 0 20  0  0  0  0  0  0  0  0  0  0]
 [ 0  0  0 19  0  0  0  0  0  0  0  0]
 [ 0  0  0 18  0  0  0  0  0  0  0  0]
 [ 0 20  0  0  0  0  0  0  0  0  0  0]
 [ 0 18  0  0  0  0  0  0  0  0  0  0]
 [ 0  0  0 19  0  0  0  0  0  0  0  0]
 [ 0  0  0 19  0  0  0  0  0  0  0  0]]
Fold 5: Train set size: 1863, Test set size: 230
Accuracy:  0.17391304347826086
confusion matrix:  [[ 0 21  0  0  0  0  0  0  0  0  0  0]
 [ 0 20  0  0  0  0  0  0  0  0  0  0]
 [ 0  0  0 20  0  0  0  0  0  0  0  0]
 [ 0  0  0 20  0  0  0  0  0  0  0  0]
 [ 0 20  0  0  0  0  0  0  0  0  0  0]
 [ 0 20  0  0  0  0  0  0  0  0  0  0]
 [ 0  0  0 18  0  0  0  0  0  0  0  0]
 [ 0  0  0 21  0  0  0  0  0  0  0  0]
 [ 0 15  0  0  0  0  0  0  0  0  0  0]
 [ 0 18  0  0  0  0  0  0  0  0  0  0]
 [ 0  0  0 20  0  0  0  0  0  0  0  0]
 [ 0  0  0 17  0  0  0  0  0  0  0  0]]
Fold 6: Train set size: 1863, Test set size: 230
Accuracy:  0.16521739130434782
confusion matrix:  [[ 0 20  0  0  0  0  0  0  0  0  0  0]
 [ 0 20  0  0  0  0  0  0  0  0  0  0]
 [ 0 20  0  0  0  0  0  0  0  0  0  0]
 [ 0 21  0  0  0  0  0  0  0  0  0  0]
 [ 0  0  0  0  0 19  0  0  0  0  0  0]
 [ 0  0  0  0  0 18  0  0  0  0  0  0]
 [ 0  0  0  0  0 19  0  0  0  0  0  0]
 [ 0  0  0  0  0 19  0  0  0  0  0  0]
 [ 0  0  0  0  0 16  0  0  0  0  0  0]
 [ 0  0  0  0  0 19  0  0  0  0  0  0]
 [ 0  0  0  0  0 20  0  0  0  0  0  0]
 [ 0  0  0  0  0 19  0  0  0  0  0  0]]
Fold 7: Train set size: 1863, Test set size: 230
Accuracy:  0.08260869565217391
confusion matrix:  [[ 0  0  0 20  0  0  0  0  0  0  0  0]
 [ 0  0  0 20  0  0  0  0  0  0  0  0]
 [ 0  0  0 20  0  0  0  0  0  0  0  0]
 [ 0  0  0 19  0  0  0  0  0  0  0  0]
 [ 0  0  0 17  0  0  0  0  0  0  0  0]
 [ 0  0  0 20  0  0  0  0  0  0  0  0]
 [ 0  0  0 19  0  0  0  0  0  0  0  0]
 [ 0  0  0 20  0  0  0  0  0  0  0  0]
 [ 0  0  0 18  0  0  0  0  0  0  0  0]
 [ 0  0  0 20  0  0  0  0  0  0  0  0]
 [ 0  0  0 20  0  0  0  0  0  0  0  0]
 [ 0  0  0 17  0  0  0  0  0  0  0  0]]
Fold 8: Train set size: 1863, Test set size: 230
Accuracy:  0.16521739130434782
confusion matrix:  [[ 0 19  0  0  0  0  0  0  0  0  0  0]
 [ 0 19  0  0  0  0  0  0  0  0  0  0]
 [ 0  0  0 20  0  0  0  0  0  0  0  0]
 [ 0  0  0 19  0  0  0  0  0  0  0  0]
 [ 0 20  0  0  0  0  0  0  0  0  0  0]
 [ 0 19  0  0  0  0  0  0  0  0  0  0]
 [ 0  0  0 19  0  0  0  0  0  0  0  0]
 [ 0  0  0 19  0  0  0  0  0  0  0  0]
 [ 0 19  0  0  0  0  0  0  0  0  0  0]
 [ 0 19  0  0  0  0  0  0  0  0  0  0]
 [ 0  0  0 19  0  0  0  0  0  0  0  0]
 [ 0  0  0 19  0  0  0  0  0  0  0  0]]
Fold 9: Train set size: 1863, Test set size: 230
Accuracy:  0.17391304347826086
confusion matrix:  [[ 0 20  0  0  0  0  0  0  0  0  0  0]
 [ 0 20  0  0  0  0  0  0  0  0  0  0]
 [ 0  0  0 20  0  0  0  0  0  0  0  0]
 [ 0  0  0 20  0  0  0  0  0  0  0  0]
 [ 0 20  0  0  0  0  0  0  0  0  0  0]
 [ 0 21  0  0  0  0  0  0  0  0  0  0]
 [ 0  0  0 17  0  0  0  0  0  0  0  0]
 [ 0  0  0 18  0  0  0  0  0  0  0  0]
 [ 0 18  0  0  0  0  0  0  0  0  0  0]
 [ 0 17  0  0  0  0  0  0  0  0  0  0]
 [ 0  0  0 20  0  0  0  0  0  0  0  0]
 [ 0  0  0 19  0  0  0  0  0  0  0  0]]