Fold 1: Train set size: 1383, Test set size: 170
Accuracy:  0.08235294117647059
confusion matrix:  [[ 0 14  0  0  0  0  0  0  0  0  0  0]
 [ 0 14  0  0  0  0  0  0  0  0  0  0]
 [ 0 14  0  0  0  0  0  0  0  0  0  0]
 [ 0 15  0  0  0  0  0  0  0  0  0  0]
 [ 0 14  0  0  0  0  0  0  0  0  0  0]
 [ 0 14  0  0  0  0  0  0  0  0  0  0]
 [ 0 14  0  0  0  0  0  0  0  0  0  0]
 [ 0 14  0  0  0  0  0  0  0  0  0  0]
 [ 0 14  0  0  0  0  0  0  0  0  0  0]
 [ 0 14  0  0  0  0  0  0  0  0  0  0]
 [ 0 15  0  0  0  0  0  0  0  0  0  0]
 [ 0 14  0  0  0  0  0  0  0  0  0  0]]
Fold 2: Train set size: 1383, Test set size: 170
Accuracy:  0.08235294117647059
confusion matrix:  [[ 0  0  0 15  0  0  0  0  0  0  0  0]
 [ 0  0  0 15  0  0  0  0  0  0  0  0]
 [ 0  0  0 15  0  0  0  0  0  0  0  0]
 [ 0  0  0 14  0  0  0  0  0  0  0  0]
 [ 0  0  0 14  0  0  0  0  0  0  0  0]
 [ 0  0  0 14  0  0  0  0  0  0  0  0]
 [ 0  0  0 14  0  0  0  0  0  0  0  0]
 [ 0  0  0 15  0  0  0  0  0  0  0  0]
 [ 0  0  0 11  0  0  0  0  0  0  0  0]
 [ 0  0  0 15  0  0  0  0  0  0  0  0]
 [ 0  0  0 14  0  0  0  0  0  0  0  0]
 [ 0  0  0 14  0  0  0  0  0  0  0  0]]
Fold 3: Train set size: 1383, Test set size: 170
Accuracy:  0.32941176470588235
confusion matrix:  [[14  0  0  0  0  0  0  0  0  0  0  0]
 [ 0 15  0  0  0  0  0  0  0  0  0  0]
 [ 0  0  0 15  0  0  0  0  0  0  0  0]
 [ 0  0  0 15  0  0  0  0  0  0  0  0]
 [15  0  0  0  0  0  0  0  0  0  0  0]
 [ 0  7  0  0  0  0  0  0  0  0  7  0]
 [ 0  0  0  0  0  0  0  0  0  0 15  0]
 [ 0  0  0  0  0  0  0  0  0  0 14  0]
 [ 0  2  0  0  0  0  0  0  0  0 11  0]
 [14  0  0  0  0  0  0  0  0  0  0  0]
 [ 0  0  0  0  0  0  0  0  0  0 12  0]
 [ 0  0  0  0  0  0  0  0  0  0 14  0]]
Fold 4: Train set size: 1383, Test set size: 170
Accuracy:  0.16470588235294117
confusion matrix:  [[ 0 14  0  0  0  0  0  0  0  0  0  0]
 [ 0 14  0  0  0  0  0  0  0  0  0  0]
 [ 0  0  0 15  0  0  0  0  0  0  0  0]
 [ 0  0  0 14  0  0  0  0  0  0  0  0]
 [ 0 15  0  0  0  0  0  0  0  0  0  0]
 [ 0 15  0  0  0  0  0  0  0  0  0  0]
 [ 0  0  0 14  0  0  0  0  0  0  0  0]
 [ 0  0  0 13  0  0  0  0  0  0  0  0]
 [ 0 15  0  0  0  0  0  0  0  0  0  0]
 [ 0 13  0  0  0  0  0  0  0  0  0  0]
 [ 0  0  0 14  0  0  0  0  0  0  0  0]
 [ 0  0  0 14  0  0  0  0  0  0  0  0]]
Fold 5: Train set size: 1383, Test set size: 170
Accuracy:  0.17647058823529413
confusion matrix:  [[ 0 16  0  0  0  0  0  0  0  0  0  0]
 [ 0 15  0  0  0  0  0  0  0  0  0  0]
 [ 0  0  0 15  0  0  0  0  0  0  0  0]
 [ 0  0  0 15  0  0  0  0  0  0  0  0]
 [ 0 15  0  0  0  0  0  0  0  0  0  0]
 [ 0 15  0  0  0  0  0  0  0  0  0  0]
 [ 0  0  0 13  0  0  0  0  0  0  0  0]
 [ 0  0  0 16  0  0  0  0  0  0  0  0]
 [ 0 10  0  0  0  0  0  0  0  0  0  0]
 [ 0 13  0  0  0  0  0  0  0  0  0  0]
 [ 0  0  0 15  0  0  0  0  0  0  0  0]
 [ 0  0  0 12  0  0  0  0  0  0  0  0]]
Fold 6: Train set size: 1383, Test set size: 170
Accuracy:  0.16470588235294117
confusion matrix:  [[ 0 15  0  0  0  0  0  0  0  0  0  0]
 [ 0 15  0  0  0  0  0  0  0  0  0  0]
 [ 0 15  0  0  0  0  0  0  0  0  0  0]
 [ 0 16  0  0  0  0  0  0  0  0  0  0]
 [ 0  0  0  0  0 14  0  0  0  0  0  0]
 [ 0  0  0  0  0 13  0  0  0  0  0  0]
 [ 0  0  0  0  0 14  0  0  0  0  0  0]
 [ 0  0  0  0  0 14  0  0  0  0  0  0]
 [ 0  0  0  0  0 11  0  0  0  0  0  0]
 [ 0  0  0  0  0 14  0  0  0  0  0  0]
 [ 0  0  0  0  0 15  0  0  0  0  0  0]
 [ 0  0  0  0  0 14  0  0  0  0  0  0]]
Fold 7: Train set size: 1383, Test set size: 170
Accuracy:  0.08235294117647059
confusion matrix:  [[ 0  0  0 15  0  0  0  0  0  0  0  0]
 [ 0  0  0 15  0  0  0  0  0  0  0  0]
 [ 0  0  0 15  0  0  0  0  0  0  0  0]
 [ 0  0  0 14  0  0  0  0  0  0  0  0]
 [ 0  0  0 12  0  0  0  0  0  0  0  0]
 [ 0  0  0 15  0  0  0  0  0  0  0  0]
 [ 0  0  0 14  0  0  0  0  0  0  0  0]
 [ 0  0  0 15  0  0  0  0  0  0  0  0]
 [ 0  0  0 13  0  0  0  0  0  0  0  0]
 [ 0  0  0 15  0  0  0  0  0  0  0  0]
 [ 0  0  0 15  0  0  0  0  0  0  0  0]
 [ 0  0  0 12  0  0  0  0  0  0  0  0]]
Fold 8: Train set size: 1383, Test set size: 170
Accuracy:  0.16470588235294117
confusion matrix:  [[ 0 14  0  0  0  0  0  0  0  0  0  0]
 [ 0 14  0  0  0  0  0  0  0  0  0  0]
 [ 0  0  0 15  0  0  0  0  0  0  0  0]
 [ 0  0  0 14  0  0  0  0  0  0  0  0]
 [ 0 15  0  0  0  0  0  0  0  0  0  0]
 [ 0 14  0  0  0  0  0  0  0  0  0  0]
 [ 0  0  0 14  0  0  0  0  0  0  0  0]
 [ 0  0  0 14  0  0  0  0  0  0  0  0]
 [ 0 14  0  0  0  0  0  0  0  0  0  0]
 [ 0 14  0  0  0  0  0  0  0  0  0  0]
 [ 0  0  0 14  0  0  0  0  0  0  0  0]
 [ 0  0  0 14  0  0  0  0  0  0  0  0]]
Fold 9: Train set size: 1383, Test set size: 170
Accuracy:  0.17647058823529413
confusion matrix:  [[ 0 15  0  0  0  0  0  0  0  0  0  0]
 [ 0 15  0  0  0  0  0  0  0  0  0  0]
 [ 0  0  0 15  0  0  0  0  0  0  0  0]
 [ 0  0  0 15  0  0  0  0  0  0  0  0]
 [ 0 15  0  0  0  0  0  0  0  0  0  0]
 [ 0 16  0  0  0  0  0  0  0  0  0  0]
 [ 0  0  0 12  0  0  0  0  0  0  0  0]
 [ 0  0  0 13  0  0  0  0  0  0  0  0]
 [ 0 13  0  0  0  0  0  0  0  0  0  0]
 [ 0 12  0  0  0  0  0  0  0  0  0  0]
 [ 0  0  0 15  0  0  0  0  0  0  0  0]
 [ 0  0  0 14  0  0  0  0  0  0  0  0]]