Fold 1: Train set size: 480, Test set size: 60
Accuracy:  0.5333333333333333
confusion matrix:  [[5 0 0 0 0 0 0 0 0 0 0 0]
 [0 5 0 0 0 0 0 0 0 0 0 0]
 [0 0 5 0 0 0 0 0 0 0 0 0]
 [0 0 5 0 0 0 0 0 0 0 0 0]
 [0 0 0 0 3 0 0 0 0 2 0 0]
 [0 0 0 0 0 3 0 0 2 0 0 0]
 [0 0 0 0 0 0 0 0 0 0 5 0]
 [0 0 0 0 0 0 0 0 0 0 5 0]
 [0 0 0 0 0 2 0 0 3 0 0 0]
 [0 0 0 0 2 0 0 0 0 3 0 0]
 [0 0 0 0 0 0 0 0 0 0 5 0]
 [0 0 0 0 0 0 0 0 0 0 5 0]]
Fold 2: Train set size: 480, Test set size: 60
Accuracy:  0.4666666666666667
confusion matrix:  [[5 0 0 0 0 0 0 0 0 0 0 0]
 [0 5 0 0 0 0 0 0 0 0 0 0]
 [0 0 5 0 0 0 0 0 0 0 0 0]
 [0 0 5 0 0 0 0 0 0 0 0 0]
 [0 0 0 0 3 0 0 0 0 2 0 0]
 [0 0 0 0 0 0 0 0 5 0 0 0]
 [0 0 0 0 0 0 0 0 0 0 5 0]
 [0 0 0 0 0 0 0 0 0 0 5 0]
 [0 0 0 0 0 2 0 0 3 0 0 0]
 [0 0 0 0 3 0 0 0 0 2 0 0]
 [0 0 0 0 0 0 0 0 0 0 5 0]
 [0 0 0 0 0 0 1 0 0 0 4 0]]
Fold 3: Train set size: 480, Test set size: 60
Accuracy:  0.5333333333333333
confusion matrix:  [[5 0 0 0 0 0 0 0 0 0 0 0]
 [0 5 0 0 0 0 0 0 0 0 0 0]
 [0 0 1 4 0 0 0 0 0 0 0 0]
 [0 0 0 5 0 0 0 0 0 0 0 0]
 [0 0 0 0 3 0 0 0 0 2 0 0]
 [0 0 0 0 0 3 0 0 2 0 0 0]
 [0 0 0 0 0 0 1 0 0 0 4 0]
 [0 0 0 0 0 0 1 0 0 0 4 0]
 [0 0 0 0 0 3 0 0 2 0 0 0]
 [0 0 0 0 1 0 0 0 0 4 0 0]
 [0 0 0 0 0 0 0 2 0 0 3 0]
 [0 0 0 0 0 0 1 0 0 0 4 0]]
Fold 4: Train set size: 480, Test set size: 60
Accuracy:  0.5166666666666667
confusion matrix:  [[5 0 0 0 0 0 0 0 0 0 0 0]
 [0 5 0 0 0 0 0 0 0 0 0 0]
 [0 0 5 0 0 0 0 0 0 0 0 0]
 [0 0 5 0 0 0 0 0 0 0 0 0]
 [0 0 0 0 0 0 0 0 0 5 0 0]
 [0 0 0 0 0 3 0 0 2 0 0 0]
 [0 0 0 0 0 0 1 3 0 0 1 0]
 [0 0 0 0 0 0 1 3 0 0 1 0]
 [0 0 0 0 0 2 0 0 3 0 0 0]
 [0 0 0 0 1 0 0 0 0 4 0 0]
 [0 0 0 0 0 0 1 2 0 0 2 0]
 [0 0 0 0 0 0 0 3 0 0 2 0]]
Fold 5: Train set size: 480, Test set size: 60
Accuracy:  0.5
confusion matrix:  [[5 0 0 0 0 0 0 0 0 0 0 0]
 [0 5 0 0 0 0 0 0 0 0 0 0]
 [0 0 5 0 0 0 0 0 0 0 0 0]
 [0 0 5 0 0 0 0 0 0 0 0 0]
 [0 0 0 0 1 0 0 0 0 4 0 0]
 [0 0 0 0 0 0 0 0 5 0 0 0]
 [0 0 0 0 0 0 1 0 0 0 3 1]
 [0 0 0 0 0 0 1 0 0 0 3 1]
 [0 0 0 0 0 2 0 0 3 0 0 0]
 [0 0 0 0 1 0 0 0 0 4 0 0]
 [0 0 0 0 0 0 0 0 0 0 3 2]
 [0 0 0 0 0 0 1 0 0 0 1 3]]
Fold 6: Train set size: 480, Test set size: 60
Accuracy:  0.5333333333333333
confusion matrix:  [[5 0 0 0 0 0 0 0 0 0 0 0]
 [0 5 0 0 0 0 0 0 0 0 0 0]
 [0 0 5 0 0 0 0 0 0 0 0 0]
 [0 0 5 0 0 0 0 0 0 0 0 0]
 [0 0 0 0 4 0 0 0 0 1 0 0]
 [0 0 0 0 0 3 0 0 2 0 0 0]
 [0 0 0 0 0 0 1 1 0 0 3 0]
 [0 0 0 0 0 0 1 0 0 0 4 0]
 [0 0 0 0 0 3 0 0 2 0 0 0]
 [0 0 0 0 1 0 0 0 0 4 0 0]
 [0 0 0 0 0 0 1 1 0 0 3 0]
 [0 0 0 0 0 0 0 0 0 0 5 0]]
Fold 7: Train set size: 480, Test set size: 60
Accuracy:  0.45
confusion matrix:  [[5 0 0 0 0 0 0 0 0 0 0 0]
 [0 5 0 0 0 0 0 0 0 0 0 0]
 [0 0 5 0 0 0 0 0 0 0 0 0]
 [0 0 5 0 0 0 0 0 0 0 0 0]
 [0 0 0 0 1 0 0 0 0 4 0 0]
 [0 0 0 0 0 2 0 0 3 0 0 0]
 [0 0 0 0 0 0 1 0 0 0 4 0]
 [0 0 0 0 0 0 0 0 0 0 5 0]
 [0 0 0 0 0 2 0 0 3 0 0 0]
 [0 0 0 0 3 0 0 0 0 2 0 0]
 [0 0 0 0 0 0 2 0 0 0 3 0]
 [0 0 0 0 0 0 0 2 0 0 3 0]]
Fold 8: Train set size: 480, Test set size: 60
Accuracy:  0.5
confusion matrix:  [[5 0 0 0 0 0 0 0 0 0 0 0]
 [0 5 0 0 0 0 0 0 0 0 0 0]
 [0 0 5 0 0 0 0 0 0 0 0 0]
 [0 0 5 0 0 0 0 0 0 0 0 0]
 [0 0 0 0 2 0 0 0 0 3 0 0]
 [0 0 0 0 0 3 0 0 2 0 0 0]
 [0 0 0 0 0 0 0 0 0 0 5 0]
 [0 0 0 0 0 0 1 0 0 0 4 0]
 [0 0 0 0 0 1 0 0 4 0 0 0]
 [0 0 0 0 3 0 0 0 0 2 0 0]
 [0 0 0 0 0 0 0 1 0 0 4 0]
 [0 0 0 0 0 0 1 1 0 0 3 0]]
Fold 9: Train set size: 480, Test set size: 60
Accuracy:  0.6
confusion matrix:  [[5 0 0 0 0 0 0 0 0 0 0 0]
 [0 5 0 0 0 0 0 0 0 0 0 0]
 [0 0 5 0 0 0 0 0 0 0 0 0]
 [0 0 5 0 0 0 0 0 0 0 0 0]
 [0 0 0 0 5 0 0 0 0 0 0 0]
 [0 0 0 0 0 3 0 0 2 0 0 0]
 [0 0 0 0 0 0 3 0 0 0 1 1]
 [0 0 0 0 0 0 0 1 0 0 4 0]
 [0 0 0 0 0 2 0 0 3 0 0 0]
 [0 0 0 0 4 0 0 0 0 1 0 0]
 [0 0 0 0 0 0 0 0 0 0 5 0]
 [0 0 0 0 0 0 1 0 0 0 4 0]]