Fold 1: Train set size: 480, Test set size: 60
Accuracy:  0.5
confusion matrix:  [[5 0 0 0 0 0 0 0 0 0 0 0]
 [0 5 0 0 0 0 0 0 0 0 0 0]
 [0 0 5 0 0 0 0 0 0 0 0 0]
 [0 0 5 0 0 0 0 0 0 0 0 0]
 [0 0 0 0 0 0 0 0 0 5 0 0]
 [0 0 0 0 0 5 0 0 0 0 0 0]
 [0 0 0 0 0 0 5 0 0 0 0 0]
 [0 0 0 0 0 0 5 0 0 0 0 0]
 [0 0 0 0 0 5 0 0 0 0 0 0]
 [0 0 0 0 0 0 0 0 0 5 0 0]
 [0 0 0 0 0 0 5 0 0 0 0 0]
 [0 0 0 0 0 0 5 0 0 0 0 0]]
(480, 3)
Fold 2: Train set size: 480, Test set size: 60
Accuracy:  0.5
confusion matrix:  [[5 0 0 0 0 0 0 0 0 0 0 0]
 [0 5 0 0 0 0 0 0 0 0 0 0]
 [0 0 5 0 0 0 0 0 0 0 0 0]
 [0 0 5 0 0 0 0 0 0 0 0 0]
 [0 0 0 0 0 0 0 0 0 5 0 0]
 [0 0 0 0 0 5 0 0 0 0 0 0]
 [0 0 0 0 0 0 5 0 0 0 0 0]
 [0 0 0 0 0 0 5 0 0 0 0 0]
 [0 0 0 0 0 5 0 0 0 0 0 0]
 [0 0 0 0 0 0 0 0 0 5 0 0]
 [0 0 0 0 0 0 5 0 0 0 0 0]
 [0 0 0 0 0 0 5 0 0 0 0 0]]
(480, 3)
Fold 3: Train set size: 480, Test set size: 60
Accuracy:  0.5
confusion matrix:  [[5 0 0 0 0 0 0 0 0 0 0 0]
 [0 5 0 0 0 0 0 0 0 0 0 0]
 [0 0 5 0 0 0 0 0 0 0 0 0]
 [0 0 5 0 0 0 0 0 0 0 0 0]
 [0 0 0 0 0 0 0 0 0 5 0 0]
 [0 0 0 0 0 5 0 0 0 0 0 0]
 [0 0 0 0 0 0 5 0 0 0 0 0]
 [0 0 0 0 0 0 5 0 0 0 0 0]
 [0 0 0 0 0 5 0 0 0 0 0 0]
 [0 0 0 0 0 0 0 0 0 5 0 0]
 [0 0 0 0 0 0 5 0 0 0 0 0]
 [0 0 0 0 0 0 5 0 0 0 0 0]]
(480, 3)
Fold 4: Train set size: 480, Test set size: 60
Accuracy:  0.5
confusion matrix:  [[5 0 0 0 0 0 0 0 0 0 0 0]
 [0 5 0 0 0 0 0 0 0 0 0 0]
 [0 0 5 0 0 0 0 0 0 0 0 0]
 [0 0 5 0 0 0 0 0 0 0 0 0]
 [0 0 0 0 0 0 0 0 0 5 0 0]
 [0 0 0 0 0 5 0 0 0 0 0 0]
 [0 0 0 0 0 0 5 0 0 0 0 0]
 [0 0 0 0 0 0 5 0 0 0 0 0]
 [0 0 0 0 0 5 0 0 0 0 0 0]
 [0 0 0 0 0 0 0 0 0 5 0 0]
 [0 0 0 0 0 0 5 0 0 0 0 0]
 [0 0 0 0 0 0 5 0 0 0 0 0]]
(480, 3)
Fold 5: Train set size: 480, Test set size: 60
Accuracy:  0.5
confusion matrix:  [[5 0 0 0 0 0 0 0 0 0 0 0]
 [0 5 0 0 0 0 0 0 0 0 0 0]
 [0 0 5 0 0 0 0 0 0 0 0 0]
 [0 0 5 0 0 0 0 0 0 0 0 0]
 [0 0 0 0 0 0 0 0 0 5 0 0]
 [0 0 0 0 0 5 0 0 0 0 0 0]
 [0 0 0 0 0 0 5 0 0 0 0 0]
 [0 0 0 0 0 0 5 0 0 0 0 0]
 [0 0 0 0 0 5 0 0 0 0 0 0]
 [0 0 0 0 0 0 0 0 0 5 0 0]
 [0 0 0 0 0 0 5 0 0 0 0 0]
 [0 0 0 0 0 0 5 0 0 0 0 0]]
(480, 3)
Fold 6: Train set size: 480, Test set size: 60
Accuracy:  0.5
confusion matrix:  [[5 0 0 0 0 0 0 0 0 0 0 0]
 [0 5 0 0 0 0 0 0 0 0 0 0]
 [0 0 5 0 0 0 0 0 0 0 0 0]
 [0 0 5 0 0 0 0 0 0 0 0 0]
 [0 0 0 0 0 0 0 0 0 5 0 0]
 [0 0 0 0 0 5 0 0 0 0 0 0]
 [0 0 0 0 0 0 5 0 0 0 0 0]
 [0 0 0 0 0 0 5 0 0 0 0 0]
 [0 0 0 0 0 5 0 0 0 0 0 0]
 [0 0 0 0 0 0 0 0 0 5 0 0]
 [0 0 0 0 0 0 5 0 0 0 0 0]
 [0 0 0 0 0 0 5 0 0 0 0 0]]
(480, 3)
Fold 7: Train set size: 480, Test set size: 60
Accuracy:  0.5
confusion matrix:  [[5 0 0 0 0 0 0 0 0 0 0 0]
 [0 5 0 0 0 0 0 0 0 0 0 0]
 [0 0 5 0 0 0 0 0 0 0 0 0]
 [0 0 5 0 0 0 0 0 0 0 0 0]
 [0 0 0 0 0 0 0 0 0 5 0 0]
 [0 0 0 0 0 5 0 0 0 0 0 0]
 [0 0 0 0 0 0 5 0 0 0 0 0]
 [0 0 0 0 0 0 5 0 0 0 0 0]
 [0 0 0 0 0 5 0 0 0 0 0 0]
 [0 0 0 0 0 0 0 0 0 5 0 0]
 [0 0 0 0 0 0 5 0 0 0 0 0]
 [0 0 0 0 0 0 5 0 0 0 0 0]]
(480, 3)
Fold 8: Train set size: 480, Test set size: 60
Accuracy:  0.5
confusion matrix:  [[5 0 0 0 0 0 0 0 0 0 0 0]
 [0 5 0 0 0 0 0 0 0 0 0 0]
 [0 0 5 0 0 0 0 0 0 0 0 0]
 [0 0 5 0 0 0 0 0 0 0 0 0]
 [0 0 0 0 0 0 0 0 0 5 0 0]
 [0 0 0 0 0 5 0 0 0 0 0 0]
 [0 0 0 0 0 0 5 0 0 0 0 0]
 [0 0 0 0 0 0 5 0 0 0 0 0]
 [0 0 0 0 0 5 0 0 0 0 0 0]
 [0 0 0 0 0 0 0 0 0 5 0 0]
 [0 0 0 0 0 0 5 0 0 0 0 0]
 [0 0 0 0 0 0 5 0 0 0 0 0]]
(480, 3)
Fold 9: Train set size: 480, Test set size: 60
Accuracy:  0.5
confusion matrix:  [[5 0 0 0 0 0 0 0 0 0 0 0]
 [0 5 0 0 0 0 0 0 0 0 0 0]
 [0 0 5 0 0 0 0 0 0 0 0 0]
 [0 0 5 0 0 0 0 0 0 0 0 0]
 [0 0 0 0 0 0 0 0 0 5 0 0]
 [0 0 0 0 0 5 0 0 0 0 0 0]
 [0 0 0 0 0 0 5 0 0 0 0 0]
 [0 0 0 0 0 0 5 0 0 0 0 0]
 [0 0 0 0 0 5 0 0 0 0 0 0]
 [0 0 0 0 0 0 0 0 0 5 0 0]
 [0 0 0 0 0 0 5 0 0 0 0 0]
 [0 0 0 0 0 0 5 0 0 0 0 0]]